2017,0
2016,1
2015,3
2014,7
2013,4
2012,5
2011,4
2010,5
2009,5
2008,4
2007,10
2006,4
2005,6
2004,4
2003,5
2002,9
2001,7
2000,3
1999,2
1995,5
1994,11
1993,7
1992,7
1991,6
1990,3
1989,9
1988,10
1987,10
1986,12
1985,8
1984,5
1983,9
1982,4
1981,5
1980,11
1979,9
1978,8
1977,6
1976,9
1975,3
1974,4
1973,7
1972,10
1971,9
1970,7
1969,10
1968,10
1967,9
1966,9
1965,11
1964,10
1963,10
1962,7
1961,8
1960,8
1959,7
1958,9
1957,9
1956,5
1955,9
1954,9
1953,11
1952,8
1951,11
1950,10
1949,9
1948,14
1947,12
1946,12
